1702562288929 0.0 0
1702563496913 0.948857238804496 0
1702563509141 0.948857238804496 0
1702564493375 0.948857238804496 0
1702564505253 0.948857238804496 0
1702565219612 0.948857238804496 0
1702565230017 0.948857238804496 0
1702579911810 0.948857238804496 0
1702579922124 0.948857238804496 0
1703011493427 0.9463052417262167 0
1703011505497 0.9463052417262167 0
1703011536611 0.9463052417262167 0
1703011583824 0.9463052417262167 0
1703011622309 0.9463052417262167 0
1703011634296 0.9463052417262167 0
1703012650247 0.9463052417262167 0
1703012661293 0.9463052417262167 0
1703013353885 0.9463052417262167 0
1703013515759 0.9463052417262167 0
1703013527460 0.9463052417262167 0
1703013528798 0.9463052417262167 0
