1702562288929 0.0 0
1702563496913 0.9041864317445976 0
1702563509141 0.9041864317445976 0
1702564493375 0.9041864317445976 0
1702564505253 0.9041864317445976 0
1702565219612 0.9041864317445976 0
1702565230017 0.9041864317445976 0
1702579911810 0.9041864317445976 0
1702579922124 0.9041864317445976 0
1703011493427 0.8994801350889842 0
1703011505497 0.8994801350889842 0
1703011536611 0.8994801350889842 0
1703011583824 0.8994801350889842 0
1703011622309 0.8994801350889842 0
1703011634296 0.8994801350889842 0
1703012650247 0.8994801350889842 0
1703012661293 0.8994801350889842 0
1703013353885 0.8994801350889842 0
1703013515759 0.8994801350889842 0
1703013527460 0.8994801350889842 0
1703013528798 0.8994801350889842 0
