1703194557895 0.0 0
1703194748992 0.8817200338995541 0
1703194762622 0.8817200338995541 0
1703196705515 0.5222373705737131 0
1703196840302 0.5222373705737131 0
1703196993536 0.9310217767788054 0
1703197028755 0.9310217767788054 0
1703198042810 0.8768930321677291 0
1703198061595 0.8768930321677291 0
1703198747716 0.8817200338995541 0
1703198762333 0.8817200338995541 0
1703198975499 0.9084343564611813 0
1703198994486 0.9084343564611813 0
1703199035578 0.9106083496075759 0
1703199054443 0.9106083496075759 0
1703199259140 0.9106083496075759 0
1703199273170 0.9106083496075759 0
1703202428351 0.8817200338995541 0
1703202442362 0.8817200338995541 0
1703202663632 0.9106083496075759 0
1703202691453 0.9106083496075759 0
1703204573856 0.9106083496075759 0
1703204595118 0.9106083496075759 0
1703205461361 0.8817200338995541 0
1703205476199 0.8817200338995541 0
1703206409329 0.8817200338995541 0
1703206423170 0.8817200338995541 0
1703207784916 0.9106083496075759 0
1703207803597 0.9106083496075759 0
1703209563332 0.9106083496075759 0
1703209598208 0.9106083496075759 0
1703209849679 0.9106083496075759 0
1703209888308 0.9106083496075759 0
1703258751646 0.8817200338995541 0
1703258760758 0.8817200338995541 0
1703258833363 0.9106083496075759 0
1703258933476 0.9106083496075759 0
1703260266503 0.9106083496075759 0
1703260311655 0.9106083496075759 0
