1703194557895 0.0 0
1703194748992 0.2975929978118162 0
1703194762622 0.2975929978118162 0
1703196705515 0.10788495940553186 0
1703196840302 0.10788495940553186 0
1703196993536 0.3890339425587468 0
1703197028755 0.3890339425587468 0
1703198042810 0.2908087454892804 0
1703198061595 0.2908087454892804 0
1703198747716 0.2975929978118162 0
1703198762333 0.2975929978118162 0
1703198975499 0.3403238651446775 0
1703198994486 0.3403238651446775 0
1703199035578 0.3457389428263215 0
1703199054443 0.3457389428263215 0
1703199259140 0.3457389428263215 0
1703199273170 0.3457389428263215 0
1703202428351 0.2975929978118162 0
1703202442362 0.2975929978118162 0
1703202663632 0.3457389428263215 0
1703202691453 0.3457389428263215 0
1703204573856 0.3457389428263215 0
1703204595118 0.3457389428263215 0
1703205461361 0.2975929978118162 0
1703205476199 0.2975929978118162 0
1703206409329 0.2975929978118162 0
1703206423170 0.2975929978118162 0
1703207784916 0.3457389428263215 0
1703207803597 0.3457389428263215 0
1703209563332 0.3457389428263215 0
1703209598208 0.3457389428263215 0
1703209849679 0.3457389428263215 0
1703209888308 0.3457389428263215 0
1703258751646 0.2975929978118162 0
1703258760758 0.2975929978118162 0
1703258833363 0.3457389428263215 0
1703258933476 0.3457389428263215 0
1703260266503 0.3457389428263215 0
1703260311655 0.3457389428263215 0
