1703194557895 0.0 0
1703194748992 0.17970401691331925 0
1703194762622 0.17970401691331925 0
1703196705515 0.05702647657841141 0
1703196840302 0.05702647657841141 0
1703196993536 0.26163301141352063 0
1703197028755 0.26163301141352063 0
1703198042810 0.17452229299363056 0
1703198061595 0.17452229299363056 0
1703198747716 0.17970401691331925 0
1703198762333 0.17970401691331925 0
1703198975499 0.21502851392150285 0
1703198994486 0.21502851392150285 0
1703199035578 0.21937029431895963 0
1703199054443 0.21937029431895963 0
1703199259140 0.21937029431895963 0
1703199273170 0.21937029431895963 0
1703202428351 0.17970401691331925 0
1703202442362 0.17970401691331925 0
1703202663632 0.21937029431895963 0
1703202691453 0.21937029431895963 0
1703204573856 0.21937029431895963 0
1703204595118 0.21937029431895963 0
1703205461361 0.17970401691331925 0
1703205476199 0.17970401691331925 0
1703206409329 0.17970401691331925 0
1703206423170 0.17970401691331925 0
1703207784916 0.21937029431895963 0
1703207803597 0.21937029431895963 0
1703209563332 0.21937029431895963 0
1703209598208 0.21937029431895963 0
1703209849679 0.21937029431895963 0
1703209888308 0.21937029431895963 0
1703258751646 0.17970401691331925 0
1703258760758 0.17970401691331925 0
1703258833363 0.21937029431895963 0
1703258933476 0.21937029431895963 0
1703260266503 0.21937029431895963 0
1703260311655 0.21937029431895963 0
