1703194557895 0.0 0
1703194748992 0.8651399491094147 0
1703194762622 0.8651399491094147 0
1703196705515 0.9974554707379135 0
1703196840302 0.9974554707379135 0
1703196993536 0.7582697201017812 0
1703197028755 0.7582697201017812 0
1703198042810 0.871501272264631 0
1703198061595 0.871501272264631 0
1703198747716 0.8651399491094147 0
1703198762333 0.8651399491094147 0
1703198975499 0.8155216284987278 0
1703198994486 0.8155216284987278 0
1703199035578 0.8155216284987278 0
1703199054443 0.8155216284987278 0
1703199259140 0.8155216284987278 0
1703199273170 0.8155216284987278 0
1703202428351 0.8651399491094147 0
1703202442362 0.8651399491094147 0
1703202663632 0.8155216284987278 0
1703202691453 0.8155216284987278 0
1703204573856 0.8155216284987278 0
1703204595118 0.8155216284987278 0
1703205461361 0.8651399491094147 0
1703205476199 0.8651399491094147 0
1703206409329 0.8651399491094147 0
1703206423170 0.8651399491094147 0
1703207784916 0.8155216284987278 0
1703207803597 0.8155216284987278 0
1703209563332 0.8155216284987278 0
1703209598208 0.8155216284987278 0
1703209849679 0.8155216284987278 0
1703209888308 0.8155216284987278 0
1703258751646 0.8651399491094147 0
1703258760758 0.8651399491094147 0
1703258833363 0.8155216284987278 0
1703258933476 0.8155216284987278 0
1703260266503 0.8155216284987278 0
1703260311655 0.8155216284987278 0
