1702561938559 0.0 0
1702563506555 0.8881576541991152 0
1702563517985 0.8881576541991152 0
1702564503913 0.8881576541991152 0
1702564515343 0.8881576541991152 0
1702565222293 0.8881576541991152 0
1702565232758 0.8881576541991152 0
1702565240894 0.8881576541991152 0
1702579920963 0.8881576541991152 0
1702579930833 0.8881576541991152 0
1703011504136 0.8839677217288773 0
1703011594341 0.8839677217288773 0
1703011632920 0.8839677217288773 0
1703012660071 0.8839677217288773 0
1703012670903 0.8839677217288773 0
1703013355165 0.8839677217288773 0
1703013517054 0.8839677217288773 0
1703013537583 0.8839677217288773 0
1703013867546 0.8839677217288773 0
1703013868615 0.8839677217288773 0
