1702561938559 0.0 0
1702563506555 0.9153625938080732 0
1702563517985 0.9153625938080732 0
1702564503913 0.9153625938080732 0
1702564515343 0.9153625938080732 0
1702565222293 0.9153625938080732 0
1702565232758 0.9153625938080732 0
1702565240894 0.9153625938080732 0
1702579920963 0.9153625938080732 0
1702579930833 0.9153625938080732 0
1703011504136 0.9124813201156464 0
1703011594341 0.9124813201156464 0
1703011632920 0.9124813201156464 0
1703012660071 0.9124813201156464 0
1703012670903 0.9124813201156464 0
1703013355165 0.9124813201156464 0
1703013517054 0.9124813201156464 0
1703013537583 0.9124813201156464 0
1703013867546 0.9124813201156464 0
1703013868615 0.9124813201156464 0
