1702563459836 0.0 0
1702563505192 0.8806259368944462 0
1702563516747 0.8806259368944462 0
1702564502652 0.8806259368944462 0
1702564514253 0.8806259368944462 0
1702565224788 0.8806259368944462 0
1702565236847 0.8806259368944462 0
1702565243224 0.8806259368944462 0
1702565244474 0.8806259368944462 0
1702579919969 0.8806259368944462 0
1702579929826 0.8806259368944462 0
1703011502762 0.8767456428018718 0
1703011593119 0.8767456428018718 0
1703011631557 0.8767456428018718 0
1703012658878 0.8767456428018718 0
1703012669740 0.8767456428018718 0
1703013356465 0.8767456428018718 0
1703013518338 0.8767456428018718 0
1703013869775 0.8767456428018718 0
