1702563353097 0.0 0
1702563501103 0.9971636082341312 0
1702563512980 0.9971636082341312 0
1702564497500 0.9971636082341312 0
1702564509169 0.9971636082341312 0
1702565226091 0.9971636082341312 0
1702565238178 0.9971636082341312 0
1702565245631 0.9971636082341312 0
1702565247014 0.9971636082341312 0
1702579916644 0.9971636082341312 0
1702579926608 0.9971636082341312 0
1703011498729 0.9971681261708709 0
1703011510700 0.9971681261708709 0
1703011541806 0.9971681261708709 0
1703011589253 0.9971681261708709 0
1703011627631 0.9971681261708709 0
1703011639473 0.9971681261708709 0
1703012656436 0.9971681261708709 0
1703012667408 0.9971681261708709 0
1703013359708 0.9971681261708709 0
1703013519638 0.9971681261708709 0
1703013871057 0.9971681261708709 0
