1702563353097 0.0 0
1702563501103 0.8949454794478976 0
1702563512980 0.8949454794478976 0
1702564497500 0.8949454794478976 0
1702564509169 0.8949454794478976 0
1702565226091 0.8949454794478976 0
1702565238178 0.8949454794478976 0
1702565245631 0.8949454794478976 0
1702565247014 0.8949454794478976 0
1702579916644 0.8949454794478976 0
1702579926608 0.8949454794478976 0
1703011498729 0.8929093587367207 0
1703011510700 0.8929093587367207 0
1703011541806 0.8929093587367207 0
1703011589253 0.8929093587367207 0
1703011627631 0.8929093587367207 0
1703011639473 0.8929093587367207 0
1703012656436 0.8929093587367207 0
1703012667408 0.8929093587367207 0
1703013359708 0.8929093587367207 0
1703013519638 0.8929093587367207 0
1703013871057 0.8929093587367207 0
