1703192315962 0.0 0
1703194755063 0.1620488940628638 0
1703194768386 0.1620488940628638 0
1703196634254 0.028962010390950293 0
1703196843218 0.028962010390950293 0
1703196998513 0.25664451827242524 0
1703197031795 0.25664451827242524 0
1703198046874 0.133198973983144 0
1703198064843 0.133198973983144 0
1703198750569 0.1620488940628638 0
1703198765123 0.1620488940628638 0
1703198980001 0.25664451827242524 0
1703198997298 0.25664451827242524 0
1703199040111 0.25664451827242524 0
1703199057227 0.25664451827242524 0
1703199261884 0.25664451827242524 0
1703199275905 0.25664451827242524 0
1703202434460 0.1620488940628638 0
1703202448401 0.1620488940628638 0
1703202671164 0.25664451827242524 0
1703202694274 0.25664451827242524 0
1703204578690 0.25664451827242524 0
1703204598072 0.25664451827242524 0
1703205467901 0.1620488940628638 0
1703205481955 0.1620488940628638 0
1703206415401 0.1620488940628638 0
1703206429234 0.1620488940628638 0
1703207792360 0.25664451827242524 0
1703207817812 0.25664451827242524 0
1703209591134 0.25664451827242524 0
1703209612680 0.25664451827242524 0
1703209877525 0.25664451827242524 0
1703209902453 0.25664451827242524 0
1703258755659 0.1620488940628638 0
1703258764629 0.1620488940628638 0
1703258918745 0.25664451827242524 0
1703258944148 0.25664451827242524 0
1703260300987 0.25664451827242524 0
1703260327072 0.25664451827242524 0
