1703081345560 0.0 0
1703086260206 0.32602739726027397 0
1703086272336 0.32602739726027397 0
1703086656320 0.32602739726027397 0
1703086688426 0.32602739726027397 0
1703096677728 0.32602739726027397 0
1703105684065 0.32602739726027397 0
1703194750494 0.32602739726027397 0
1703194764068 0.32602739726027397 0
1703196750762 0.11267605633802817 0
1703196834414 0.11267605633802817 0
1703196912804 0.16732811326826127 0
1703196977495 0.4294807370184254 0
1703197022598 0.4294807370184254 0
1703198031554 0.31893095768374163 0
1703198055002 0.31893095768374163 0
1703198741509 0.32602739726027397 0
1703198756654 0.32602739726027397 0
1703198961640 0.3647562935190145 0
1703198988887 0.3647562935190145 0
1703199022001 0.37089715536105033 0
1703199048614 0.37089715536105033 0
1703199253524 0.37089715536105033 0
1703199267712 0.37089715536105033 0
1703202429840 0.32602739726027397 0
1703202443882 0.32602739726027397 0
1703202522092 0.37089715536105033 0
1703202685598 0.37089715536105033 0
1703204465551 0.37089715536105033 0
1703204560092 0.37089715536105033 0
1703204588933 0.37089715536105033 0
1703205462975 0.32602739726027397 0
1703205477680 0.32602739726027397 0
1703206412335 0.32602739726027397 0
1703206426288 0.32602739726027397 0
1703207643521 0.37089715536105033 0
1703207809510 0.37089715536105033 0
1703209574232 0.37089715536105033 0
1703209604059 0.37089715536105033 0
1703209860708 0.37089715536105033 0
1703209894094 0.37089715536105033 0
1703258753673 0.32602739726027397 0
1703258762639 0.32602739726027397 0
1703258888040 0.37089715536105033 0
1703258938295 0.37089715536105033 0
1703260283715 0.37089715536105033 0
1703260318698 0.37089715536105033 0
