1702564055648 0.0 0
1702564501370 0.875909473145406 0
1702564513015 0.875909473145406 0
1702565227294 0.875909473145406 0
1702565248210 0.875909473145406 0
1702579918870 0.875909473145406 0
1702579928771 0.875909473145406 0
1703011501422 0.8717344043627252 0
1703011591827 0.8717344043627252 0
1703011630218 0.8717344043627252 0
1703011642001 0.8717344043627252 0
1703012657626 0.8717344043627252 0
1703012668555 0.8717344043627252 0
1703013364930 0.8717344043627252 0
1703013522119 0.8717344043627252 0
1703013873413 0.8717344043627252 0
