1702564055648 0.0 0
1702564501370 0.9318966209166064 0
1702564513015 0.9318966209166064 0
1702565227294 0.9318966209166064 0
1702565248210 0.9318966209166064 0
1702579918870 0.9318966209166064 0
1702579928771 0.9318966209166064 0
1703011501422 0.9294329907356726 0
1703011591827 0.9294329907356726 0
1703011630218 0.9294329907356726 0
1703011642001 0.9294329907356726 0
1703012657626 0.9294329907356726 0
1703012668555 0.9294329907356726 0
1703013364930 0.9294329907356726 0
1703013522119 0.9294329907356726 0
1703013873413 0.9294329907356726 0
