1703192010853 0.0 0
1703194756551 0.26826439891766524 0
1703194769794 0.26826439891766524 0
1703196626766 0.05629364368845121 0
1703196844686 0.05629364368845121 0
1703197001623 0.30057803468208094 0
1703197033278 0.30057803468208094 0
1703198049390 0.23388116308470291 0
1703198051829 0.23388116308470291 0
1703198066444 0.23388116308470291 0
1703198752104 0.26826439891766524 0
1703198753661 0.26826439891766524 0
1703198766553 0.26826439891766524 0
1703198982891 0.30057803468208094 0
1703198985747 0.30057803468208094 0
1703198998785 0.30057803468208094 0
1703199042847 0.30057803468208094 0
1703199045572 0.30057803468208094 0
1703199058705 0.30057803468208094 0
1703199263333 0.30057803468208094 0
1703199277358 0.30057803468208094 0
1703202436022 0.26826439891766524 0
1703202449848 0.26826439891766524 0
1703202678108 0.30057803468208094 0
1703202680914 0.30057803468208094 0
1703202695802 0.30057803468208094 0
1703204581524 0.30057803468208094 0
1703204584446 0.30057803468208094 0
1703204599521 0.30057803468208094 0
1703205469514 0.26826439891766524 0
1703205483384 0.26826439891766524 0
1703206416902 0.26826439891766524 0
1703206430831 0.26826439891766524 0
1703207799201 0.30057803468208094 0
1703207801953 0.30057803468208094 0
1703207819281 0.30057803468208094 0
1703209593848 0.30057803468208094 0
1703209596541 0.30057803468208094 0
1703209614194 0.30057803468208094 0
1703209880302 0.30057803468208094 0
1703209903898 0.30057803468208094 0
1703258756628 0.26826439891766524 0
1703258765671 0.26826439891766524 0
1703258924992 0.30057803468208094 0
1703258945170 0.30057803468208094 0
1703260303816 0.30057803468208094 0
1703260328501 0.30057803468208094 0
