1703206407175 0.0 0
1703206418405 0.2016150740242261 0
1703206432215 0.2016150740242261 0
1703207594913 0.2547610492274524 0
1703207816383 0.2547610492274524 0
1703209588487 0.2547610492274524 0
1703209611124 0.2547610492274524 0
1703209874945 0.2547610492274524 0
1703209901031 0.2547610492274524 0
1703258758704 0.2016150740242261 0
1703258767482 0.2016150740242261 0
1703258914667 0.2547610492274524 0
1703258943152 0.2547610492274524 0
1703260298309 0.2547610492274524 0
1703260325643 0.2547610492274524 0
