1703206407175 0.0 0
1703206418405 0.11273329319686935 0
1703206432215 0.11273329319686935 0
1703207594913 0.14832635983263598 0
1703207816383 0.14832635983263598 0
1703209588487 0.14832635983263598 0
1703209611124 0.14832635983263598 0
1703209874945 0.14832635983263598 0
1703209901031 0.14832635983263598 0
1703258758704 0.11273329319686935 0
1703258767482 0.11273329319686935 0
1703258914667 0.14832635983263598 0
1703258943152 0.14832635983263598 0
1703260298309 0.14832635983263598 0
1703260325643 0.14832635983263598 0
