1703191255306 0.0 0
1703194759516 0.28865979381443296 0
1703194772466 0.28865979381443296 0
1703196616491 0.10575951498821151 0
1703196841761 0.10575951498821151 0
1703196995579 0.3898963730569948 0
1703197030183 0.3898963730569948 0
1703198044652 0.2836676217765043 0
1703198063198 0.2836676217765043 0
1703198749057 0.28865979381443296 0
1703198763659 0.28865979381443296 0
1703198977359 0.32910750507099396 0
1703198995836 0.32910750507099396 0
1703199037463 0.33411033411033403 0
1703199055799 0.33411033411033403 0
1703199260510 0.33411033411033403 0
1703199274489 0.33411033411033403 0
1703202439138 0.28865979381443296 0
1703202452621 0.28865979381443296 0
1703202666580 0.33411033411033403 0
1703202692814 0.33411033411033403 0
1703204575825 0.33411033411033403 0
1703204596568 0.33411033411033403 0
1703205472912 0.28865979381443296 0
1703205486177 0.28865979381443296 0
1703206421653 0.28865979381443296 0
1703206435062 0.28865979381443296 0
1703207787753 0.33411033411033403 0
1703207813629 0.33411033411033403 0
1703209584169 0.33411033411033403 0
1703209608265 0.33411033411033403 0
1703209870677 0.33411033411033403 0
1703209898302 0.33411033411033403 0
