1703191255306 0.0 0
1703194759516 0.17292664481976305 0
1703194772466 0.17292664481976305 0
1703196616491 0.055836119211892736 0
1703196841761 0.055836119211892736 0
1703196995579 0.26151172893136404 0
1703197030183 0.26151172893136404 0
1703198044652 0.16902439024390245 0
1703198063198 0.16902439024390245 0
1703198749057 0.17292664481976305 0
1703198763659 0.17292664481976305 0
1703198977359 0.20550981633945536 0
1703198995836 0.20550981633945536 0
1703199037463 0.2097560975609756 0
1703199055799 0.2097560975609756 0
1703199260510 0.2097560975609756 0
1703199274489 0.2097560975609756 0
1703202439138 0.17292664481976305 0
1703202452621 0.17292664481976305 0
1703202666580 0.2097560975609756 0
1703202692814 0.2097560975609756 0
1703204575825 0.2097560975609756 0
1703204596568 0.2097560975609756 0
1703205472912 0.17292664481976305 0
1703205486177 0.17292664481976305 0
1703206421653 0.17292664481976305 0
1703206435062 0.17292664481976305 0
1703207787753 0.2097560975609756 0
1703207813629 0.2097560975609756 0
1703209584169 0.2097560975609756 0
1703209608265 0.2097560975609756 0
1703209870677 0.2097560975609756 0
1703209898302 0.2097560975609756 0
