1703191255306 0.0 0
1703194759516 0.8727735368956743 0
1703194772466 0.8727735368956743 0
1703196616491 0.9987277353689568 0
1703196841761 0.9987277353689568 0
1703196995579 0.7659033078880407 0
1703197030183 0.7659033078880407 0
1703198044652 0.8816793893129771 0
1703198063198 0.8816793893129771 0
1703198749057 0.8727735368956743 0
1703198763659 0.8727735368956743 0
1703198977359 0.8256997455470738 0
1703198995836 0.8256997455470738 0
1703199037463 0.8206106870229007 0
1703199055799 0.8206106870229007 0
1703199260510 0.8206106870229007 0
1703199274489 0.8206106870229007 0
1703202439138 0.8727735368956743 0
1703202452621 0.8727735368956743 0
1703202666580 0.8206106870229007 0
1703202692814 0.8206106870229007 0
1703204575825 0.8206106870229007 0
1703204596568 0.8206106870229007 0
1703205472912 0.8727735368956743 0
1703205486177 0.8727735368956743 0
1703206421653 0.8727735368956743 0
1703206435062 0.8727735368956743 0
1703207787753 0.8206106870229007 0
1703207813629 0.8206106870229007 0
1703209584169 0.8206106870229007 0
1703209608265 0.8206106870229007 0
1703209870677 0.8206106870229007 0
1703209898302 0.8206106870229007 0
