1703206041932 0.0 0
1703206410768 0.15496468633153304 0
1703206424774 0.15496468633153304 0
1703207592737 0.164929768917082 0
1703207815059 0.164929768917082 0
1703209586532 0.164929768917082 0
1703209609706 0.164929768917082 0
1703209873027 0.164929768917082 0
1703209899699 0.164929768917082 0
1703258752567 0.15496468633153304 0
1703258761609 0.15496468633153304 0
1703258912931 0.164929768917082 0
1703258942236 0.164929768917082 0
1703260296385 0.164929768917082 0
1703260324255 0.164929768917082 0
