1703085088187 0.0 0
1703086269625 0.28234824281150156 0
1703086281169 0.28234824281150156 0
1703086658926 0.28234824281150156 0
1703086693106 0.28234824281150156 0
1703096680515 0.28234824281150156 0
1703105685438 0.28234824281150156 0
1703194758137 0.28234824281150156 0
1703194771103 0.28234824281150156 0
1703196761916 0.10712336244541484 0
1703196837292 0.10712336244541484 0
1703196922109 0.1547323468070315 0
1703196986664 0.39592616168045836 0
1703197025611 0.39592616168045836 0
1703198037626 0.2782336850332161 0
1703198058111 0.2782336850332161 0
1703198744603 0.28234824281150156 0
1703198759459 0.28234824281150156 0
1703198969501 0.33144545678404336 0
1703198991714 0.33144545678404336 0
1703199029656 0.3348439073514602 0
1703199051511 0.3348439073514602 0
1703199256247 0.3348439073514602 0
1703199270402 0.3348439073514602 0
1703202437653 0.28234824281150156 0
1703202451305 0.28234824281150156 0
1703202590025 0.3348439073514602 0
1703202688440 0.3348439073514602 0
1703204567702 0.3348439073514602 0
1703204591962 0.3348439073514602 0
1703205471335 0.28234824281150156 0
1703205484761 0.28234824281150156 0
1703206420126 0.28234824281150156 0
1703206433611 0.28234824281150156 0
1703207711559 0.3348439073514602 0
1703207812312 0.3348439073514602 0
1703209582172 0.3348439073514602 0
1703209606884 0.3348439073514602 0
1703209868780 0.3348439073514602 0
1703209896909 0.3348439073514602 0
1703258759797 0.28234824281150156 0
1703258768468 0.28234824281150156 0
1703258894849 0.3348439073514602 0
1703258940312 0.3348439073514602 0
1703260292122 0.3348439073514602 0
1703260321505 0.3348439073514602 0
