1703085088187 0.0 0
1703086269625 0.16745618190431075 0
1703086281169 0.16745618190431075 0
1703086658926 0.16745618190431075 0
1703086693106 0.16745618190431075 0
1703096680515 0.16745618190431075 0
1703105685438 0.16745618190431075 0
1703194758137 0.16745618190431075 0
1703194771103 0.16745618190431075 0
1703196761916 0.05659697188175919 0
1703196837292 0.05659697188175919 0
1703196922109 0.08391683722934397 0
1703196986664 0.2640067911714771 0
1703197025611 0.2640067911714771 0
1703198037626 0.16435826408125578 0
1703198058111 0.16435826408125578 0
1703198744603 0.16745618190431075 0
1703198759459 0.16745618190431075 0
1703198969501 0.20549618320610688 0
1703198991714 0.20549618320610688 0
1703199029656 0.20872567482736976 0
1703199051511 0.20872567482736976 0
1703199256247 0.20872567482736976 0
1703199270402 0.20872567482736976 0
1703202437653 0.16745618190431075 0
1703202451305 0.16745618190431075 0
1703202590025 0.20872567482736976 0
1703202688440 0.20872567482736976 0
1703204567702 0.20872567482736976 0
1703204591962 0.20872567482736976 0
1703205471335 0.16745618190431075 0
1703205484761 0.16745618190431075 0
1703206420126 0.16745618190431075 0
1703206433611 0.16745618190431075 0
1703207711559 0.20872567482736976 0
1703207812312 0.20872567482736976 0
1703209582172 0.20872567482736976 0
1703209606884 0.20872567482736976 0
1703209868780 0.20872567482736976 0
1703209896909 0.20872567482736976 0
1703258759797 0.16745618190431075 0
1703258768468 0.16745618190431075 0
1703258894849 0.20872567482736976 0
1703258940312 0.20872567482736976 0
1703260292122 0.20872567482736976 0
1703260321505 0.20872567482736976 0
