1703085088187 0.0 0
1703086269625 0.8994910941475827 0
1703086281169 0.8994910941475827 0
1703086658926 0.8994910941475827 0
1703086693106 0.8994910941475827 0
1703096680515 0.8994910941475827 0
1703105685438 0.8994910941475827 0
1703194758137 0.8994910941475827 0
1703194771103 0.8994910941475827 0
1703196761916 0.9987277353689568 0
1703196837292 0.9987277353689568 0
1703196922109 0.9910941475826972 0
1703196986664 0.7913486005089059 0
1703197025611 0.7913486005089059 0
1703198037626 0.905852417302799 0
1703198058111 0.905852417302799 0
1703198744603 0.8994910941475827 0
1703198759459 0.8994910941475827 0
1703198969501 0.8562340966921119 0
1703198991714 0.8562340966921119 0
1703199029656 0.8460559796437659 0
1703199051511 0.8460559796437659 0
1703199256247 0.8460559796437659 0
1703199270402 0.8460559796437659 0
1703202437653 0.8994910941475827 0
1703202451305 0.8994910941475827 0
1703202590025 0.8460559796437659 0
1703202688440 0.8460559796437659 0
1703204567702 0.8460559796437659 0
1703204591962 0.8460559796437659 0
1703205471335 0.8994910941475827 0
1703205484761 0.8994910941475827 0
1703206420126 0.8994910941475827 0
1703206433611 0.8994910941475827 0
1703207711559 0.8460559796437659 0
1703207812312 0.8460559796437659 0
1703209582172 0.8460559796437659 0
1703209606884 0.8460559796437659 0
1703209868780 0.8460559796437659 0
1703209896909 0.8460559796437659 0
1703258759797 0.8994910941475827 0
1703258768468 0.8994910941475827 0
1703258894849 0.8460559796437659 0
1703258940312 0.8460559796437659 0
1703260292122 0.8460559796437659 0
1703260321505 0.8460559796437659 0
