1703079825558 0.0 0
1703086265602 0.2754679802955665 0
1703086277533 0.2754679802955665 0
1703086665795 0.2754679802955665 0
1703086695568 0.2754679802955665 0
1703096681906 0.2754679802955665 0
1703105686830 0.2754679802955665 0
1703194753546 0.2754679802955665 0
1703194766904 0.2754679802955665 0
1703196769858 0.05629364368845121 0
1703196838804 0.05629364368845121 0
1703196925587 0.11901681759379043 0
1703196990019 0.448474855729596 0
1703197027219 0.448474855729596 0
1703198040127 0.26709726443769 0
1703198059755 0.26709726443769 0
1703198746207 0.2754679802955665 0
1703198760923 0.2754679802955665 0
1703198972488 0.34824027520508066 0
1703198993082 0.34824027520508066 0
1703199032568 0.3596805287799505 0
1703199052925 0.3596805287799505 0
1703199257712 0.3596805287799505 0
1703199271782 0.3596805287799505 0
1703202432912 0.2754679802955665 0
1703202447010 0.2754679802955665 0
1703202595841 0.3596805287799505 0
1703202689920 0.3596805287799505 0
1703204570775 0.3596805287799505 0
1703204593588 0.3596805287799505 0
1703205466265 0.2754679802955665 0
1703205480544 0.2754679802955665 0
1703206413906 0.2754679802955665 0
1703206427779 0.2754679802955665 0
1703207717074 0.3596805287799505 0
1703207805088 0.3596805287799505 0
1703209566320 0.3596805287799505 0
1703209599642 0.3596805287799505 0
1703209852702 0.3596805287799505 0
1703209889766 0.3596805287799505 0
1703258754680 0.2754679802955665 0
1703258763673 0.2754679802955665 0
1703258843866 0.3596805287799505 0
1703258935274 0.3596805287799505 0
1703260276173 0.3596805287799505 0
1703260314328 0.3596805287799505 0
