1703079825558 0.0 0
1703086265602 0.16297505245978083 0
1703086277533 0.16297505245978083 0
1703086665795 0.16297505245978083 0
1703086695568 0.16297505245978083 0
1703096681906 0.16297505245978083 0
1703105686830 0.16297505245978083 0
1703194753546 0.16297505245978083 0
1703194766904 0.16297505245978083 0
1703196769858 0.028962010390950293 0
1703196838804 0.028962010390950293 0
1703196925587 0.06329421286928369 0
1703196990019 0.33170731707317075 0
1703197027219 0.33170731707317075 0
1703198040127 0.15698972755694507 0
1703198059755 0.15698972755694507 0
1703198746207 0.16297505245978083 0
1703198760923 0.16297505245978083 0
1703198972488 0.21984630805212163 0
1703198993082 0.21984630805212163 0
1703199032568 0.22952548330404218 0
1703199052925 0.22952548330404218 0
1703199257712 0.22952548330404218 0
1703199271782 0.22952548330404218 0
1703202432912 0.16297505245978083 0
1703202447010 0.16297505245978083 0
1703202595841 0.22952548330404218 0
1703202689920 0.22952548330404218 0
1703204570775 0.22952548330404218 0
1703204593588 0.22952548330404218 0
1703205466265 0.16297505245978083 0
1703205480544 0.16297505245978083 0
1703206413906 0.16297505245978083 0
1703206427779 0.16297505245978083 0
1703207717074 0.22952548330404218 0
1703207805088 0.22952548330404218 0
1703209566320 0.22952548330404218 0
1703209599642 0.22952548330404218 0
1703209852702 0.22952548330404218 0
1703209889766 0.22952548330404218 0
1703258754680 0.16297505245978083 0
1703258763673 0.16297505245978083 0
1703258843866 0.22952548330404218 0
1703258935274 0.22952548330404218 0
1703260276173 0.22952548330404218 0
1703260314328 0.22952548330404218 0
