1702561832508 0.0 0
1702563498331 0.9985485041528909 0
1702563510426 0.9985485041528909 0
1702564494715 0.9985485041528909 0
1702564506526 0.9985485041528909 0
1702565218262 0.9985485041528909 0
1702565228695 0.9985485041528909 0
1702579913140 0.9985485041528909 0
1702579923328 0.9985485041528909 0
1703011494734 0.998776758409786 0
1703011506839 0.998776758409786 0
1703011537924 0.998776758409786 0
1703011585193 0.998776758409786 0
1703011623583 0.998776758409786 0
1703011635617 0.998776758409786 0
1703012652677 0.998776758409786 0
1703012663768 0.998776758409786 0
1703013193747 0.998776758409786 0
1703013513055 0.998776758409786 0
1703013524876 0.998776758409786 0
1703013526174 0.998776758409786 0
