1703192947092 0.0 0
1703194752033 0.8989645897048528 0
1703194765527 0.8989645897048528 0
1703196612310 0.5508309075500203 0
1703196835856 0.5508309075500203 0
1703196915887 0.7765577213604038 0
1703196980485 0.9411916430229559 0
1703197024117 0.9411916430229559 0
1703198033793 0.8943586720218136 0
1703198056631 0.8943586720218136 0
1703198743025 0.8989645897048528 0
1703198758107 0.8989645897048528 0
1703198964301 0.9217362467297985 0
1703198990348 0.9217362467297985 0
1703199024609 0.9237260031688713 0
1703199050162 0.9237260031688713 0
1703199254939 0.9237260031688713 0
1703199269124 0.9237260031688713 0
1703202431321 0.8989645897048528 0
1703202445441 0.8989645897048528 0
1703202584629 0.9237260031688713 0
1703202687069 0.9237260031688713 0
1703204468171 0.9237260031688713 0
1703204562769 0.9237260031688713 0
1703204590512 0.9237260031688713 0
1703205464664 0.8989645897048528 0
1703205479098 0.8989645897048528 0
