1703192947092 0.0 0
1703194752033 0.33863965267727936 0
1703194765527 0.33863965267727936 0
1703196612310 0.11409883720930233 0
1703196835856 0.11409883720930233 0
1703196915887 0.20273468314488563 0
1703196980485 0.4332386363636364 0
1703197024117 0.4332386363636364 0
1703198033793 0.3315458148752623 0
1703198056631 0.3315458148752623 0
1703198743025 0.33863965267727936 0
1703198758107 0.33863965267727936 0
1703198964301 0.3857721226142279 0
1703198990348 0.3857721226142279 0
1703199024609 0.3918918918918919 0
1703199050162 0.3918918918918919 0
1703199254939 0.3918918918918919 0
1703199269124 0.3918918918918919 0
1703202431321 0.33863965267727936 0
1703202445441 0.33863965267727936 0
1703202584629 0.3918918918918919 0
1703202687069 0.3918918918918919 0
1703204468171 0.3918918918918919 0
1703204562769 0.3918918918918919 0
1703204590512 0.3918918918918919 0
1703205464664 0.33863965267727936 0
1703205479098 0.33863965267727936 0
