1703192947092 0.0 0
1703194752033 0.20892857142857144 0
1703194765527 0.20892857142857144 0
1703196612310 0.06050562663789117 0
1703196835856 0.06050562663789117 0
1703196915887 0.11304985337243402 0
1703196980485 0.30049261083743845 0
1703197024117 0.30049261083743845 0
1703198033793 0.20296888381387382 0
1703198056631 0.20296888381387382 0
1703198743025 0.20892857142857144 0
1703198758107 0.20892857142857144 0
1703198964301 0.24962574850299402 0
1703198990348 0.24962574850299402 0
1703199024609 0.2547746371275783 0
1703199050162 0.2547746371275783 0
1703199254939 0.2547746371275783 0
1703199269124 0.2547746371275783 0
1703202431321 0.20892857142857144 0
1703202445441 0.20892857142857144 0
1703202584629 0.2547746371275783 0
1703202687069 0.2547746371275783 0
1703204468171 0.2547746371275783 0
1703204562769 0.2547746371275783 0
1703204590512 0.2547746371275783 0
1703205464664 0.20892857142857144 0
1703205479098 0.20892857142857144 0
