1703192947092 0.0 0
1703194752033 0.8931297709923665 0
1703194765527 0.8931297709923665 0
1703196612310 0.9987277353689568 0
1703196835856 0.9987277353689568 0
1703196915887 0.9809160305343512 0
1703196980485 0.7760814249363868 0
1703197024117 0.7760814249363868 0
1703198033793 0.9045801526717557 0
1703198056631 0.9045801526717557 0
1703198743025 0.8931297709923665 0
1703198758107 0.8931297709923665 0
1703198964301 0.8486005089058524 0
1703198990348 0.8486005089058524 0
1703199024609 0.8486005089058524 0
1703199050162 0.8486005089058524 0
1703199254939 0.8486005089058524 0
1703199269124 0.8486005089058524 0
1703202431321 0.8931297709923665 0
1703202445441 0.8931297709923665 0
1703202584629 0.8486005089058524 0
1703202687069 0.8486005089058524 0
1703204468171 0.8486005089058524 0
1703204562769 0.8486005089058524 0
1703204590512 0.8486005089058524 0
1703205464664 0.8931297709923665 0
1703205479098 0.8931297709923665 0
